version:0.1
size:40,20
\e[38;5;101;48;5;101m▄▄▄▄\e[38;5;107;48;5;101m▄▄\e[38;5;107;48;5;107m▄▄▄\e[38;5;71;48;5;107m▄\e[38;5;107;48;5;107m▄▄▄▄▄▄▄\e[38;5;107;48;5;71m▄\e[38;5;107;48;5;107m▄▄▄▄▄▄▄\e[48;5;107m  \e[38;5;65;48;5;65m▄\e[38;5;242;48;5;65m▄\e[38;5;107;48;5;107m▄▄▄\e[38;5;71;48;5;71m▄\e[38;5;107;48;5;107m▄▄\e[38;5;71;48;5;107m▄▄\e[38;5;107;48;5;107m▄▄▄\e[m
\e[38;5;101;48;5;101m▄\e[38;5;71;48;5;101m▄\e[38;5;71;48;5;107m▄\e[38;5;71;48;5;71m▄▄\e[38;5;107;48;5;71m▄\e[38;5;107;48;5;107m▄\e[48;5;107m \e[38;5;107;48;5;107m▄\e[38;5;71;48;5;71m▄\e[38;5;107;48;5;107m▄\e[38;5;71;48;5;107m▄\e[38;5;107;48;5;107m▄▄\e[48;5;71m  \e[38;5;71;48;5;107m▄▄▄\e[38;5;107;48;5;107m▄\e[38;5;71;48;5;107m▄\e[38;5;65;48;5;107m▄\e[38;5;65;48;5;71m▄\e[38;5;107;48;5;71m▄\e[38;5;71;48;5;71m▄\e[38;5;71;48;5;107m▄▄▄\e[38;5;240;48;5;59m▄\e[38;5;65;48;5;107m▄\e[38;5;71;48;5;107m▄\e[38;5;71;48;5;71m▄\e[48;5;71m \e[38;5;71;48;5;107m▄▄▄\e[38;5;71;48;5;71m▄▄\e[38;5;71;48;5;107m▄▄\e[m
\e[38;5;71;48;5;71m▄▄▄▄▄\e[38;5;71;48;5;107m▄\e[38;5;71;48;5;71m▄▄▄▄▄▄\e[38;5;65;48;5;71m▄▄\e[38;5;242;48;5;71m▄\e[38;5;138;48;5;65m▄\e[38;5;181;48;5;65m▄\e[38;5;174;48;5;101m▄\e[38;5;180;48;5;101m▄\e[38;5;223;48;5;101m▄\e[38;5;223;48;5;138m▄\e[38;5;180;48;5;138m▄\e[38;5;174;48;5;101m▄\e[38;5;137;48;5;101m▄\e[38;5;137;48;5;95m▄\e[38;5;95;48;5;65m▄\e[38;5;239;48;5;65m▄\e[38;5;180;48;5;242m▄▄\e[38;5;240;48;5;242m▄\e[38;5;65;48;5;71m▄\e[38;5;71;48;5;71m▄▄▄▄▄▄▄▄▄\e[m
\e[38;5;71;48;5;71m▄\e[48;5;71m \e[38;5;71;48;5;71m▄▄▄▄▄▄\e[38;5;65;48;5;71m▄\e[38;5;95;48;5;71m▄\e[38;5;95;48;5;65m▄\e[38;5;239;48;5;65m▄\e[38;5;137;48;5;65m▄\e[38;5;223;48;5;137m▄\e[38;5;223;48;5;223m▄▄\e[38;5;223;48;5;187m▄\e[38;5;223;48;5;181m▄\e[38;5;223;48;5;223m▄▄\e[38;5;174;48;5;180m▄\e[38;5;174;48;5;174m▄\e[38;5;174;48;5;138m▄\e[38;5;95;48;5;95m▄\e[38;5;181;48;5;223m▄\e[38;5;181;48;5;180m▄\e[38;5;138;48;5;238m▄\e[38;5;180;48;5;180m▄\e[38;5;223;48;5;223m▄\e[38;5;223;48;5;181m▄\e[38;5;101;48;5;239m▄\e[38;5;223;48;5;59m▄\e[38;5;95;48;5;65m▄\e[38;5;65;48;5;71m▄▄▄▄\e[38;5;241;48;5;65m▄\e[38;5;65;48;5;65m▄\e[38;5;107;48;5;65m▄\e[m
\e[38;5;65;48;5;71m▄\e[48;5;71m \e[38;5;65;48;5;65m▄\e[38;5;71;48;5;71m▄\e[38;5;65;48;5;71m▄▄▄\e[38;5;241;48;5;65m▄\e[38;5;138;48;5;95m▄\e[38;5;174;48;5;174m▄\e[38;5;238;48;5;138m▄\e[38;5;180;48;5;95m▄\e[38;5;223;48;5;223m▄▄▄▄▄▄▄▄\e[38;5;223;48;5;137m▄\e[38;5;223;48;5;95m▄\e[38;5;174;48;5;239m▄\e[38;5;174;48;5;137m▄\e[38;5;174;48;5;174m▄\e[38;5;180;48;5;174m▄\e[38;5;180;48;5;138m▄\e[38;5;174;48;5;138m▄\e[38;5;174;48;5;174m▄\e[38;5;174;48;5;180m▄\e[38;5;95;48;5;137m▄\e[38;5;174;48;5;181m▄\e[38;5;180;48;5;138m▄\e[38;5;238;48;5;240m▄\e[38;5;65;48;5;241m▄\e[38;5;71;48;5;65m▄▄\e[38;5;71;48;5;71m▄\e[38;5;71;48;5;107m▄\e[38;5;107;48;5;114m▄\e[m
\e[38;5;65;48;5;65m▄▄▄\e[38;5;65;48;5;71m▄\e[38;5;65;48;5;65m▄\e[38;5;95;48;5;239m▄\e[38;5;223;48;5;137m▄\e[38;5;180;48;5;238m▄\e[38;5;138;48;5;174m▄\e[38;5;180;48;5;138m▄\e[38;5;223;48;5;137m▄\e[38;5;223;48;5;223m▄\e[38;5;180;48;5;223m▄▄\e[38;5;180;48;5;180m▄\e[38;5;95;48;5;187m▄\e[38;5;95;48;5;95m▄\e[38;5;95;48;5;223m▄\e[38;5;223;48;5;223m▄▄▄▄\e[38;5;223;48;5;180m▄\e[38;5;223;48;5;174m▄\e[38;5;223;48;5;180m▄\e[38;5;223;48;5;223m▄\e[38;5;181;48;5;174m▄\e[38;5;180;48;5;174m▄\e[38;5;137;48;5;180m▄\e[38;5;137;48;5;137m▄\e[38;5;180;48;5;95m▄\e[38;5;138;48;5;174m▄\e[38;5;239;48;5;95m▄\e[38;5;242;48;5;59m▄\e[38;5;65;48;5;65m▄\e[38;5;65;48;5;71m▄\e[38;5;65;48;5;65m▄▄\e[38;5;65;48;5;71m▄▄\e[m
\e[38;5;65;48;5;65m▄▄▄▄▄\e[38;5;239;48;5;95m▄\e[38;5;180;48;5;223m▄▄▄\e[38;5;217;48;5;223m▄\e[38;5;174;48;5;223m▄\e[38;5;95;48;5;137m▄\e[38;5;137;48;5;237m▄\e[38;5;179;48;5;131m▄\e[38;5;180;48;5;180m▄▄\e[38;5;179;48;5;179m▄\e[38;5;173;48;5;137m▄\e[38;5;137;48;5;137m▄\e[38;5;101;48;5;223m▄\e[38;5;95;48;5;223m▄\e[38;5;101;48;5;223m▄\e[38;5;95;48;5;223m▄▄\e[38;5;138;48;5;223m▄\e[38;5;174;48;5;223m▄\e[38;5;138;48;5;223m▄\e[38;5;95;48;5;181m▄\e[38;5;237;48;5;181m▄\e[38;5;239;48;5;180m▄\e[38;5;239;48;5;95m▄\e[38;5;65;48;5;237m▄\e[38;5;65;48;5;65m▄▄\e[38;5;242;48;5;242m▄\e[38;5;65;48;5;65m▄\e[38;5;242;48;5;65m▄▄▄\e[38;5;65;48;5;65m▄\e[m
\e[38;5;65;48;5;65m▄▄▄▄▄▄\e[38;5;240;48;5;95m▄\e[38;5;95;48;5;174m▄\e[38;5;174;48;5;174m▄▄\e[38;5;95;48;5;174m▄\e[38;5;137;48;5;95m▄\e[38;5;137;48;5;173m▄\e[38;5;180;48;5;179m▄\e[38;5;180;48;5;180m▄▄\e[38;5;95;48;5;137m▄\e[38;5;101;48;5;239m▄\e[38;5;137;48;5;137m▄\e[38;5;95;48;5;137m▄\e[38;5;137;48;5;137m▄\e[38;5;239;48;5;137m▄\e[38;5;137;48;5;137m▄\e[38;5;95;48;5;95m▄\e[38;5;137;48;5;174m▄\e[38;5;95;48;5;138m▄\e[38;5;137;48;5;95m▄\e[38;5;238;48;5;179m▄\e[38;5;137;48;5;179m▄\e[38;5;137;48;5;236m▄\e[38;5;239;48;5;240m▄\e[38;5;65;48;5;65m▄▄▄▄▄▄▄\e[38;5;65;48;5;241m▄\e[38;5;241;48;5;241m▄\e[m
\e[38;5;65;48;5;65m▄▄▄▄▄▄▄\e[38;5;65;48;5;59m▄\e[38;5;65;48;5;241m▄\e[38;5;240;48;5;241m▄\e[38;5;143;48;5;94m▄\e[38;5;180;48;5;137m▄\e[38;5;180;48;5;95m▄\e[38;5;180;48;5;137m▄\e[38;5;180;48;5;180m▄▄▄\e[38;5;238;48;5;143m▄\e[38;5;144;48;5;239m▄\e[38;5;239;48;5;238m▄\e[38;5;101;48;5;187m▄\e[38;5;95;48;5;138m▄\e[38;5;137;48;5;137m▄\e[38;5;137;48;5;101m▄\e[38;5;239;48;5;238m▄\e[38;5;95;48;5;95m▄\e[38;5;137;48;5;137m▄\e[38;5;239;48;5;95m▄\e[38;5;137;48;5;137m▄\e[38;5;237;48;5;137m▄\e[38;5;65;48;5;239m▄\e[38;5;65;48;5;65m▄▄▄▄▄▄▄▄\e[38;5;65;48;5;241m▄\e[m
\e[38;5;65;48;5;65m▄▄▄▄▄▄▄▄\e[38;5;59;48;5;65m▄\e[38;5;237;48;5;240m▄\e[38;5;101;48;5;179m▄\e[38;5;95;48;5;95m▄\e[38;5;238;48;5;95m▄\e[38;5;95;48;5;179m▄\e[38;5;180;48;5;180m▄▄▄\e[38;5;180;48;5;95m▄\e[38;5;137;48;5;95m▄\e[38;5;131;48;5;95m▄\e[38;5;179;48;5;137m▄\e[38;5;180;48;5;179m▄\e[38;5;179;48;5;179m▄▄\e[38;5;173;48;5;173m▄▄\e[38;5;137;48;5;137m▄\e[38;5;238;48;5;238m▄\e[38;5;240;48;5;137m▄\e[38;5;59;48;5;238m▄\e[38;5;65;48;5;65m▄▄▄▄▄▄▄▄▄▄\e[m
\e[38;5;65;48;5;65m▄▄▄▄▄▄▄▄\e[38;5;238;48;5;236m▄\e[38;5;101;48;5;95m▄\e[38;5;235;48;5;95m▄\e[38;5;180;48;5;137m▄\e[38;5;179;48;5;137m▄\e[38;5;137;48;5;95m▄\e[38;5;179;48;5;137m▄\e[38;5;137;48;5;95m▄\e[38;5;180;48;5;180m▄\e[38;5;179;48;5;180m▄▄▄\e[38;5;95;48;5;179m▄\e[38;5;137;48;5;179m▄\e[38;5;180;48;5;95m▄\e[38;5;179;48;5;101m▄\e[38;5;179;48;5;179m▄\e[38;5;173;48;5;173m▄\e[38;5;95;48;5;137m▄\e[38;5;237;48;5;237m▄\e[38;5;237;48;5;236m▄\e[38;5;237;48;5;237m▄\e[38;5;235;48;5;65m▄\e[38;5;238;48;5;65m▄\e[38;5;65;48;5;65m▄▄▄▄\e[48;5;65m \e[38;5;65;48;5;65m▄▄▄\e[m
\e[38;5;65;48;5;65m▄▄▄▄▄▄▄▄▄\e[38;5;65;48;5;239m▄\e[38;5;236;48;5;234m▄\e[38;5;137;48;5;179m▄▄▄\e[38;5;95;48;5;179m▄\e[38;5;137;48;5;180m▄\e[38;5;137;48;5;179m▄\e[38;5;95;48;5;137m▄\e[38;5;137;48;5;95m▄\e[38;5;179;48;5;95m▄\e[38;5;180;48;5;179m▄\e[38;5;179;48;5;180m▄\e[38;5;179;48;5;179m▄\e[38;5;173;48;5;179m▄\e[38;5;137;48;5;173m▄\e[38;5;237;48;5;137m▄\e[38;5;235;48;5;234m▄\e[38;5;235;48;5;235m▄\e[38;5;237;48;5;236m▄\e[38;5;237;48;5;237m▄▄▄\e[38;5;238;48;5;235m▄\e[38;5;236;48;5;239m▄\e[38;5;238;48;5;65m▄\e[38;5;65;48;5;65m▄▄▄▄▄\e[m
\e[38;5;65;48;5;65m▄\e[48;5;65m \e[38;5;65;48;5;65m▄\e[48;5;65m \e[38;5;65;48;5;65m▄▄▄▄\e[38;5;237;48;5;65m▄\e[38;5;237;48;5;240m▄\e[38;5;235;48;5;240m▄\e[38;5;137;48;5;179m▄\e[38;5;179;48;5;180m▄▄\e[38;5;179;48;5;179m▄\e[38;5;180;48;5;179m▄▄\e[38;5;179;48;5;179m▄\e[38;5;179;48;5;180m▄\e[38;5;137;48;5;180m▄\e[38;5;95;48;5;179m▄\e[38;5;239;48;5;173m▄\e[38;5;238;48;5;137m▄\e[38;5;237;48;5;240m▄\e[38;5;236;48;5;236m▄\e[38;5;236;48;5;237m▄\e[38;5;235;48;5;236m▄\e[38;5;236;48;5;236m▄\e[38;5;237;48;5;237m▄\e[38;5;235;48;5;238m▄\e[38;5;235;48;5;237m▄\e[38;5;236;48;5;234m▄\e[38;5;236;48;5;237m▄\e[38;5;237;48;5;237m▄\e[38;5;237;48;5;235m▄\e[38;5;236;48;5;239m▄\e[38;5;65;48;5;65m▄\e[38;5;239;48;5;65m▄\e[38;5;243;48;5;238m▄\e[38;5;243;48;5;108m▄\e[m
\e[38;5;65;48;5;65m▄▄▄▄\e[48;5;65m \e[38;5;65;48;5;65m▄\e[38;5;238;48;5;65m▄\e[38;5;237;48;5;238m▄\e[38;5;237;48;5;237m▄\e[38;5;236;48;5;236m▄\e[38;5;238;48;5;237m▄\e[38;5;238;48;5;235m▄\e[38;5;237;48;5;239m▄\e[38;5;235;48;5;95m▄\e[38;5;235;48;5;101m▄\e[38;5;236;48;5;95m▄▄\e[38;5;237;48;5;239m▄\e[38;5;237;48;5;236m▄\e[38;5;237;48;5;234m▄\e[38;5;237;48;5;236m▄\e[38;5;237;48;5;237m▄\e[38;5;236;48;5;237m▄\e[38;5;235;48;5;236m▄\e[38;5;236;48;5;234m▄\e[38;5;235;48;5;236m▄\e[38;5;237;48;5;234m▄\e[38;5;237;48;5;235m▄▄\e[38;5;237;48;5;236m▄\e[38;5;237;48;5;237m▄\e[38;5;237;48;5;238m▄\e[38;5;236;48;5;238m▄\e[38;5;236;48;5;237m▄▄\e[38;5;237;48;5;237m▄\e[38;5;234;48;5;234m▄\e[38;5;65;48;5;243m▄\e[38;5;71;48;5;72m▄\e[38;5;72;48;5;72m▄\e[m
\e[38;5;65;48;5;65m▄▄▄\e[48;5;65m \e[38;5;65;48;5;65m▄\e[38;5;235;48;5;240m▄\e[38;5;237;48;5;236m▄\e[38;5;237;48;5;237m▄\e[38;5;237;48;5;236m▄▄▄\e[38;5;235;48;5;236m▄▄▄\e[38;5;237;48;5;235m▄\e[38;5;236;48;5;235m▄\e[38;5;235;48;5;235m▄\e[38;5;236;48;5;236m▄\e[38;5;235;48;5;237m▄\e[38;5;234;48;5;237m▄\e[38;5;236;48;5;236m▄\e[38;5;237;48;5;235m▄\e[38;5;235;48;5;235m▄\e[38;5;95;48;5;236m▄\e[38;5;101;48;5;235m▄\e[38;5;236;48;5;236m▄\e[38;5;237;48;5;235m▄\e[38;5;235;48;5;236m▄\e[38;5;236;48;5;236m▄\e[38;5;237;48;5;236m▄\e[38;5;237;48;5;237m▄▄\e[38;5;238;48;5;237m▄\e[38;5;237;48;5;237m▄\e[38;5;236;48;5;237m▄\e[38;5;235;48;5;237m▄\e[38;5;65;48;5;235m▄\e[38;5;65;48;5;65m▄▄\e[38;5;65;48;5;72m▄\e[m
\e[38;5;65;48;5;65m▄▄▄▄\e[38;5;240;48;5;240m▄\e[38;5;234;48;5;235m▄\e[38;5;236;48;5;237m▄\e[38;5;237;48;5;236m▄▄\e[38;5;237;48;5;237m▄▄\e[38;5;238;48;5;239m▄\e[38;5;235;48;5;238m▄\e[38;5;237;48;5;234m▄\e[38;5;236;48;5;235m▄\e[38;5;234;48;5;237m▄\e[38;5;237;48;5;237m▄\e[38;5;237;48;5;236m▄\e[38;5;237;48;5;235m▄\e[38;5;236;48;5;236m▄\e[38;5;235;48;5;237m▄\e[38;5;95;48;5;236m▄\e[38;5;179;48;5;95m▄\e[38;5;179;48;5;180m▄\e[38;5;137;48;5;179m▄\e[38;5;237;48;5;95m▄\e[38;5;238;48;5;235m▄\e[38;5;23;48;5;235m▄\e[38;5;60;48;5;235m▄\e[38;5;23;48;5;236m▄\e[38;5;59;48;5;235m▄\e[38;5;240;48;5;235m▄\e[38;5;23;48;5;234m▄\e[38;5;236;48;5;235m▄\e[38;5;60;48;5;237m▄\e[38;5;60;48;5;239m▄\e[38;5;239;48;5;65m▄\e[38;5;236;48;5;65m▄\e[38;5;65;48;5;65m▄\e[38;5;66;48;5;66m▄\e[m
\e[38;5;107;48;5;240m▄▄\e[38;5;71;48;5;240m▄\e[38;5;65;48;5;59m▄\e[38;5;240;48;5;240m▄\e[38;5;240;48;5;238m▄\e[38;5;65;48;5;236m▄\e[38;5;59;48;5;235m▄\e[38;5;239;48;5;236m▄\e[38;5;236;48;5;237m▄\e[38;5;234;48;5;237m▄▄\e[38;5;234;48;5;234m▄\e[38;5;233;48;5;235m▄\e[38;5;95;48;5;101m▄\e[38;5;180;48;5;180m▄\e[38;5;180;48;5;137m▄\e[38;5;137;48;5;239m▄\e[38;5;238;48;5;236m▄\e[38;5;236;48;5;237m▄\e[38;5;237;48;5;236m▄\e[38;5;95;48;5;95m▄\e[38;5;238;48;5;95m▄\e[38;5;239;48;5;95m▄\e[38;5;243;48;5;238m▄\e[38;5;66;48;5;242m▄\e[38;5;66;48;5;66m▄▄▄▄▄\e[38;5;66;48;5;243m▄\e[38;5;242;48;5;66m▄\e[38;5;235;48;5;235m▄\e[38;5;60;48;5;23m▄\e[38;5;23;48;5;24m▄\e[38;5;23;48;5;60m▄\e[38;5;239;48;5;60m▄\e[38;5;23;48;5;240m▄\e[38;5;239;48;5;239m▄\e[m
\e[38;5;239;48;5;65m▄▄▄▄\e[38;5;239;48;5;240m▄\e[38;5;239;48;5;59m▄\e[38;5;239;48;5;65m▄▄\e[38;5;238;48;5;65m▄\e[38;5;235;48;5;236m▄▄\e[38;5;235;48;5;235m▄\e[38;5;235;48;5;234m▄\e[38;5;234;48;5;234m▄\e[38;5;234;48;5;235m▄\e[38;5;101;48;5;179m▄\e[38;5;237;48;5;137m▄\e[38;5;137;48;5;137m▄\e[38;5;236;48;5;237m▄\e[38;5;235;48;5;234m▄\e[38;5;234;48;5;235m▄\e[38;5;234;48;5;237m▄\e[38;5;234;48;5;235m▄\e[38;5;238;48;5;238m▄\e[38;5;236;48;5;66m▄\e[38;5;237;48;5;66m▄\e[38;5;66;48;5;66m▄▄\e[38;5;59;48;5;66m▄\e[38;5;235;48;5;66m▄\e[38;5;237;48;5;66m▄\e[38;5;66;48;5;66m▄\e[38;5;59;48;5;242m▄\e[38;5;237;48;5;235m▄\e[38;5;60;48;5;60m▄\e[38;5;24;48;5;24m▄\e[38;5;23;48;5;23m▄▄▄\e[38;5;23;48;5;239m▄\e[m
\e[38;5;254;48;5;187m▄▄▄▄▄▄\e[38;5;254;48;5;253m▄\e[38;5;253;48;5;187m▄\e[38;5;236;48;5;240m▄\e[38;5;235;48;5;236m▄\e[38;5;235;48;5;235m▄\e[38;5;236;48;5;236m▄\e[38;5;235;48;5;235m▄\e[38;5;234;48;5;235m▄\e[38;5;234;48;5;234m▄\e[38;5;234;48;5;101m▄\e[38;5;234;48;5;235m▄\e[38;5;237;48;5;237m▄\e[38;5;235;48;5;235m▄▄▄\e[38;5;234;48;5;234m▄▄\e[38;5;235;48;5;237m▄\e[38;5;59;48;5;238m▄\e[38;5;186;48;5;238m▄\e[38;5;186;48;5;237m▄\e[38;5;137;48;5;237m▄\e[38;5;95;48;5;240m▄\e[38;5;238;48;5;241m▄\e[38;5;242;48;5;66m▄\e[38;5;66;48;5;242m▄\e[38;5;66;48;5;66m▄\e[38;5;59;48;5;60m▄\e[38;5;60;48;5;60m▄▄\e[38;5;23;48;5;24m▄▄\e[38;5;23;48;5;23m▄▄\e[m
\e[38;5;254;48;5;254m▄▄\e[38;5;254;48;5;253m▄\e[38;5;254;48;5;254m▄▄▄▄\e[38;5;144;48;5;251m▄\e[38;5;236;48;5;236m▄\e[38;5;234;48;5;235m▄\e[38;5;235;48;5;235m▄\e[38;5;235;48;5;236m▄\e[38;5;235;48;5;235m▄\e[38;5;234;48;5;234m▄\e[38;5;233;48;5;234m▄\e[38;5;234;48;5;234m▄▄\e[38;5;237;48;5;237m▄\e[38;5;235;48;5;235m▄▄▄\e[38;5;234;48;5;234m▄▄\e[38;5;95;48;5;236m▄\e[38;5;222;48;5;222m▄▄▄\e[38;5;179;48;5;179m▄\e[38;5;137;48;5;137m▄\e[38;5;236;48;5;235m▄\e[38;5;239;48;5;240m▄\e[38;5;240;48;5;239m▄\e[38;5;23;48;5;240m▄▄\e[38;5;23;48;5;23m▄\e[38;5;239;48;5;23m▄\e[38;5;23;48;5;23m▄▄\e[38;5;237;48;5;23m▄▄\e[m